100
4
1332
4
9583
3
616
10
1029384756
97
6684664499967389594798688647753797777658594686668749657589756893898875643845445363869377888734464
95
02145200514165562246141636131246132452044450454121053161535442340220422300103633643150330364051
97
5665553345546436646453435664534466344654336644464366645643356665335545466534556363535443446366544
93
987887897777977977997897999778979978778799989799878978898977997789787799988779879779779998878
92
87676888757677855888887788865765566565866875668656665768675665568786877657757887577787865557
91
3645365633465463664364534464356666435553336435663345334464654465344464444664364663344544564
98
77778787888778787788887887887878878888887788777787788887788887888878887877787778878877787787887887
100
8765669988756985888469686699765689986596489554759794865968647779868646474777498566775596887964569566
93
218864538673368668546465535623171226868553116117848728587653373716673846643321672373415878661
99
476865588565554785556657475645558858665447586588458687545646466784777888785646657847787778758487576
93
231301031120221232231001222323113023200100330202132000030331032311210301303203121233000230123
94
8868988796896898776887888869976698668876889799699697686688876686699966897968899969689876997698
94
6676667677667777676667767677776766767777767776767776777777767667677766667676666666676677777666
92
76666767767776777776666767766766666666667777776676667767766766767776776776677666777767776777
93
232551425555213354512525112415333344235355513321322251253233152443214414215135423235322335331
91
0021211000200221001220100220121002012020220221112021202121021120020020122020011212111211021
99
777677667776777667776777676767676776676776766776766777676767667676666776677677777776667676677766776
3
001
97
6687787787689799887879697896999989697788888896688999899677798679986669798798899688999999996686988
96
328711517728726212167622668337484588211435611525822377814232533466288487857884335712614622322145
92
43333344443433333343344334434443444444443344433444433333343334434443434443443443344434434344
91
3233333112232341442224214322341214222241222243232124134141244312342243323213114242141322421
92
33322252355425235523343335554434442435355442335345554332354354525554552225253525522435325344
99
189409742570942744134413262919363456399861230150376484485760596605167452641825701916966219170266949
92
50040512324423503523242203033423424333011255445555355510352100415114405241010050511225321130
91
8967822199986728203924225157021346429510768899793889346597860092506698673166845240741752747
96
574567656656767664746655467566645766474765567756776556545467755655467755444647677477476745657765
5
19091
100
4237831736362993649365789622538647914453571316471541852579443969687716278329892898349629116782937835
95
28415649778236341948755725149531595937478375862729123883473418612915774163572874738297995543751
3
110
100
0123456789012345678901234567890123456789012345678901234567890123456789012345678901234567890123456789
94
5454455565565564545644455645546544665555456665644554445454464446666666665655564644566555564556
3
011
2
00
92
36274526364265876447573828726372363247524363485668687574643787673628832548766287748266445284
96
244212423343212143341142333122221341314434344133422112123341314121143311143312144113243233434144
93
124442224131341443412314142212242213414121432323334132322422213212311144414331433143132433224
100
6565665556555666656565555565555666666566666666556565565556566656556665665665656655665656566656665555
93
555556656665556666656656556665665655665666556665655566655666666665556556656555655556665666666
99
997788799897998879788879777987987977798987778988798998879798787877897999979897777788789788998987798
93
424434432315332445515135153135523235532552332134132344323412345242424453423143233442121533331
100
7478948373798349597617864944866526375648773626659976985367865969771393245263244797891968318491868987
95
68668767658857655885577767888757757568785656568687767658555765657577768558878887685655766668588
99
456566444444454565564455654454664656666444664565644466454465466564666445445665666646466444666446464
90
123332113131131122232323313232323233233322113213113311131113223231132213111222231113111112
100
6364343464363333354546455653563466466336666344435366636463365456545446355356456343563655635536453565
100
0987654321098765432109876543210987654321098765432109876543210987654321098765432109876543210987654321
94
1281256613614281647764646578278561563276786244254636473443241734638653231448137322163538261574
95
87877789878887997889799878789989787787789798998977888778889979788887887787877777888879977879997
94
8788576585665456554664488854658748876654645478657654465587547675865684464846556784454586876876
91
9639896866935356569253883943642946534465439585455949974266323345845896344229652689474956474
96
666676767676767776776776667777766776667677667667767666667666767667677777776667677666667767777667
15
222229888888811
90
666766777667777666676777677667766676677767666677777776676667676666766666676677666666677677
100
4564665655545455546465454646555465446556666464645665465555555466655444456564555566446444466456664466
96
656544425362545627226573574746673742567355462537645562373456262733453567335633322444374527423335
96
364303210312352115440034471112437776536667720663562752610272307213146631161501733466462245035622
100
0000000000000000000000000000000000000000000000000000000000000000000000000000000000000000000000000000
96
765384348707748320183032314823023304362803566050400650335571688245647258173383207244880616316347
94
4532334523432535254534532324325244252435332532332533224533544433452232554323543355522554555225
90
746602799783378153208347938014856345212685292602613997103877422901249050341607848040459461
92
33213311311322221312112122211331123132132132323121111111212112232313222111331112132231232322
90
867364845429894899366755579488982269642878684929932252256632599653729394575475846794634284
97
8989998999998998998899998988899889989898999898898989899888888889989998989998889999999899998888998
100
0000000000111111111122222222223333333333444444444444444444443333333333222222222211111111110000000000
100
9999999999999999999999999999999999999999999999999999999999999999999999999999999999999999999999999999
95
98999998788779978787979778799997988998777998787889997978998997887779878887799977979879787897787
100
4619349214261877939653463218969877663739135456621776355321339619241496472115465337436776617921476226
3
112
90
765466467558588647766557848875874587558875565878478777774476685678584456558568656668775455
95
36262847728686774637836455568635482276876487868665668548555455576457737838752623674774527453846
96
364643433342336252634626426556436652656444352224336246435622653445343664235363422466362463346655
93
776766676667677767776667776777767766777666767667766777677766676677666777767777676776667666766
92
65466654466666544445665765744657464647654675774577644664677475467757555565577745654547465675
98
29273468475638258769852473827279867692362759598766664985677535784827744757963322834564946534699748
2
01
98
14545424333113155552111234311413243351415421441241431535243422555455142414553234341521115415532333
3
211
96
323422552242352352423555224345233444442225425533224435234424344425232425534335334232235434422534
98
22530342134130504535253023440304253032533211212415450112213511001500141101455325504542344324004225
92
54654656554454546664544645656456455565565665465445655545446665566465664464446566665465565666
96
353453443545555354353345454353334353345454544444433553333555453433535444544335533354343345453554
7
9000555
95
16478762418864662165244455966936691514667594685839823738821564515497952816687284185971817945343
98
66668788676688668686888668766678678677687866767767868888888788877778887876888666667868868767786866
90
122100022110101020120000111222211120022012122112012121121022222010200210211200000221002210
97
5454244224324115414543414332255155455523225524413451132333532221342224445413312222441251312115134
93
766667766776777677766667766677667766766777767666776776677666667777767777667666776767776766676
2
10
96
514256221882117684166723634346518462181222228272156822625536741422317817732676572186383216212657
98
44443344434443443343443333434444443434344443434334443333334434344334433443343434434434434334443344
99
320203565204120510465500464263642350325154245054062000366624344456332523353446323136001303231366442
100
4455545444544454544544544454444545554454445555445555454444545445455555554455444555545455555454454554
98
95668875869867749975774966859877667499446477696749678876556757747545847947658968759444847557974588
92
24134154310305411320301110123434410411100510232045243002110340051000152154045043302121551214
